Problem 1
11 00001 000000 00000 1 0111110100000
11 00010 000000 00000 1 0111110100100
11 00011 000000 00000 1 0111110101000
10 00000 010000 00010 0 0000000000011
10 00100 010000 00001 0 0000000000000
10 00010 010100 00010 0 0000000000100
11 00000 000100 00000 1 0111110100000
11 00000 000100 00010 1 0111110101100
10 00000 111000 01111 1 0000000000100

Problem 2
11 00001 000000 00000 1 0100000100100
11 00010 000000 00000 1 0100000101000
10 00000 010100 00001 0 0000000000010
00 00110 010000 00000 0 0000000001100

10 00011 010001 00001 0 0000000000010
00 01000 010000 00000 0 0000000001000

10 00011 010010 00001 0 0000000000010
11 00000 000100 00011 1 0100000101100
10 00000 111000 01111 1 0000000000100

Problem 3
11 00010 000000 00000 1 0101110111000
10 00000 010100 00001 1 0000000000100
00 00001 010000 00000 0 0000000010000

10 00010 100110 00010 1 0000000000001
10 00001 010000 00001 1 0000000000001
00 01000 010111 11111 1 1111111110000

11 00000 000100 00011 1 0101111000000
10 00000 111000 01111 1 0000000000100

Problem 4
11 00001 000000 00000 1 0101110111000
11 00010 000000 00000 1 0101110111100
11 00011 000000 00000 1 0101111000000
10 00000 010100 00100 1 0000000000011
00 00001 010000 00000 0 0000000101000

10 00000 010100 00101 0 0000000000110
00 00110 010000 00000 0 0000000010000
10 00001 010010 00001 0 0000000000010
10 00110 010000 01000 1 0000000000001
00 01000 010000 00000 0 0000000001100

10 00001 010001 00001 0 0000000000011
10 00101 010000 00101 1 0000000000001
10 00100 010000 01000 1 0000000000001
00 01000 010111 11111 1 1111111011000
11 00000 000100 00011 1 0101111000100
10 00000 111000 01111 1 0000000000100